187,189,247,213,1.000000
185,188,245,212,0.967498
185,186,246,210,0.968606
183,186,244,210,0.965663
182,184,244,208,0.901400
181,183,242,207,0.911666
180,183,240,206,0.840025
180,181,239,204,0.774200
179,181,237,203,0.699495
177,180,235,202,0.678280
179,179,236,201,0.585350
178,179,235,201,0.662480
176,178,233,200,0.218220
178,179,230,199,0.530408
184,179,230,197,0.560725
186,179,229,196,0.378233
190,179,231,195,0.222946
191,179,226,193,0.240926
195,180,230,194,0.387280
197,179,232,193,0.513167
193,178,236,195,0.407731
195,177,239,194,0.280004
191,174,247,196,0.387849
190,174,246,196,0.430626
155,161,215,185,0.657600
158,162,218,186,0.608943
164,161,218,183,0.511532
164,162,217,183,0.412083
164,162,211,181,0.519883
166,163,208,180,0.244970
166,165,205,181,0.238205
172,165,206,179,0.176042
NaN,NaN,NaN,NaN,NaN
NaN,NaN,NaN,NaN,NaN
NaN,NaN,NaN,NaN,NaN
NaN,NaN,NaN,NaN,NaN
NaN,NaN,NaN,NaN,NaN
136,157,196,181,0.319775
136,158,195,182,0.202676
137,158,194,181,0.216346
142,159,193,179,0.210614
129,155,189,179,0.693521
124,154,190,180,0.777539
124,154,189,180,0.502250
121,155,185,181,0.329244
120,154,184,180,0.624901
118,155,183,181,0.577634
115,155,180,181,0.542835
115,155,178,180,0.179899
112,155,174,180,0.332895
112,155,174,180,0.196444
110,155,172,180,0.500637
110,155,172,180,0.201580
112,154,173,179,0.337372
113,155,174,180,0.204103
114,153,175,178,0.206964
117,154,178,179,0.207106
119,152,180,177,0.509994
123,151,185,176,0.202801
126,150,188,175,0.202102
128,148,191,173,0.198826
132,148,195,173,0.199579
137,146,200,171,0.644894
141,145,203,170,0.208759
146,144,208,169,0.203214
150,143,213,168,0.207823
152,143,214,168,0.550725
156,142,218,167,0.331707
159,141,220,166,0.335477
161,140,222,165,0.821809
167,139,228,164,0.664201
167,139,228,164,0.340480
174,138,234,163,0.766672
175,137,236,162,0.577716
178,137,239,162,0.209423
183,136,244,161,0.596413
184,136,244,161,0.202884
192,134,252,158,0.827175
192,134,252,158,0.693847
194,133,254,157,0.344931
194,134,254,158,0.676366
195,134,255,158,0.204162
197,135,256,159,0.680639
197,135,256,159,0.584000
199,135,258,159,0.594008
199,136,257,160,0.206646
197,136,256,160,0.607083
196,137,256,161,0.353207
193,138,253,162,0.488822
191,139,251,163,0.363965
189,141,250,166,0.216801
186,143,247,168,0.533200
186,146,247,171,0.206161
180,147,241,172,1.000000
180,149,241,174,0.204372
174,152,236,177,0.454510
173,153,235,178,0.339193
167,157,229,182,0.342124
167,158,228,183,0.620947
162,159,223,184,0.659379
161,161,222,186,0.469183
160,161,221,186,0.343831
158,162,218,186,0.349542
157,161,217,185,0.727254
156,160,216,184,0.354264
153,159,213,183,1.000000
151,158,211,182,0.217260
150,157,211,181,0.221690
147,155,208,179,0.839855
146,154,207,178,0.224274
143,153,204,177,1.000000
139,151,200,175,0.213373
139,150,200,174,0.208601
134,149,195,173,0.336907
134,147,195,171,0.340494
132,146,193,170,1.000000
130,144,191,168,0.987802
129,143,190,167,1.000000
127,143,188,167,0.332458
125,143,186,167,0.329857
125,143,183,166,0.640246
126,144,184,167,0.344499
125,144,184,167,0.206003
126,144,185,167,1.000000
128,144,186,167,0.321045
129,144,187,167,0.636036
130,144,188,167,0.624140
131,144,189,167,1.000000
132,144,190,167,0.189784
135,143,193,166,1.000000
139,143,197,166,0.763519
142,142,201,165,0.710334
145,142,204,165,0.974714
147,141,207,164,0.996574
152,140,211,163,0.932839
154,140,213,163,-0.000006
157,139,216,162,1.000000
162,137,219,160,0.969880
164,135,222,158,0.774139
166,132,224,155,-0.000007
170,130,228,153,1.000000
172,128,230,151,0.939455
175,124,231,146,1.000000
176,122,233,145,0.932845
177,120,234,143,0.885560
178,119,235,142,0.767726
178,120,235,143,0.893660
179,120,236,143,0.429981
178,121,237,144,-0.000009
179,122,237,145,0.990007
180,123,238,146,0.577190
181,124,239,147,1.000000
182,126,239,149,0.845140
181,126,239,149,0.800042
182,128,241,151,0.197265
181,128,240,151,0.927206
183,128,241,151,0.701954
184,130,242,153,0.817810
185,130,243,153,0.197660
184,130,245,154,0.200503
187,132,243,155,0.195935
188,133,244,156,-0.000006
186,134,243,157,-0.000007
187,135,244,158,0.686112
187,135,245,158,0.754363
188,135,247,158,0.843067
186,135,246,159,0.736028
187,135,247,159,0.951749
188,135,248,159,-0.000007
186,136,246,160,1.000000
188,137,248,161,0.369168
187,137,247,161,1.000000
188,137,248,161,0.848430
190,138,249,162,0.955266
192,138,250,162,-0.000007
191,138,249,162,0.874880
193,139,251,163,0.778488
192,138,251,162,0.998608
192,139,251,163,1.000000
193,139,252,163,0.766123
193,139,251,163,1.000000
194,140,252,164,0.898924
190,139,248,163,0.950688
190,140,248,164,0.680571
189,140,247,164,0.852288
187,141,245,164,0.752265
185,140,243,163,0.803383
181,141,239,164,0.938141
179,141,237,165,-0.000007
176,141,235,165,0.904339
174,142,232,165,0.877809
174,141,231,164,0.879812
171,142,229,165,-0.000007
169,141,227,164,0.220584
167,141,226,164,0.218334
165,141,224,164,1.000000
162,141,222,164,-0.000007
160,141,219,164,0.220937
157,140,216,163,0.214620
155,141,214,164,0.205098
152,140,211,163,0.850725
149,141,208,164,-0.000007
147,142,205,165,0.354761
146,142,205,165,0.913653
143,143,201,166,1.000000
141,143,199,166,-0.000006
138,143,196,166,0.689237
136,144,194,167,0.827066
134,143,193,166,0.353802
132,144,191,167,-0.000006
130,143,189,166,0.966987
127,143,186,166,1.000000
122,143,182,166,0.884623
121,142,181,165,0.843501
118,143,179,166,0.655447
115,142,176,165,0.650650
114,143,175,166,0.655308
110,143,171,166,0.760249
111,143,170,166,-0.000006
106,143,166,166,-0.000008
104,143,165,166,0.562408
100,145,160,168,-0.000008
97,144,156,167,0.220514
95,145,155,168,-0.000006
92,144,151,167,0.815130
91,144,150,167,0.943897
88,145,146,168,1.000000
86,144,144,167,0.852228
86,145,143,168,-0.000006
78,145,137,169,-0.000007
76,145,135,169,-0.000007
75,146,132,169,-0.000007
72,146,130,169,1.000000
70,146,129,169,-0.000006
67,146,126,169,-0.000006
64,145,124,168,0.947377
62,147,122,170,0.855211
58,146,118,169,0.222473
58,146,117,169,1.000000
56,146,116,169,-0.000007
56,146,115,169,-0.000008
54,146,113,169,0.836225
51,146,110,169,0.842754
47,145,106,168,0.897917
47,144,106,167,-0.000004
44,144,102,167,1.000000
42,143,101,166,1.000000
39,143,98,166,0.863437
37,142,96,165,0.216608
35,140,94,163,-0.000006
33,140,92,163,0.798788
30,139,89,162,1.000000
28,138,87,161,1.000000
28,137,86,160,0.803243
29,136,88,160,-0.000007
29,135,88,159,0.893540
31,134,88,157,-0.000007
33,132,91,155,-0.000008
34,130,91,153,-0.000007
35,129,92,152,1.000000
36,126,94,150,-0.000013
38,125,96,149,0.229684
37,124,95,148,0.226494
40,122,96,145,1.000000
39,122,96,145,-0.000007
39,121,95,144,0.662687
41,121,98,144,-0.000008
41,122,98,145,-0.000007
42,121,99,144,1.000000
44,122,99,144,0.722220
43,121,100,144,0.936992
43,121,100,144,-0.000007
43,122,101,145,-0.000007
42,122,101,145,1.000000
45,124,103,147,1.000000
44,124,103,147,-0.000006
46,125,104,148,-0.000011
46,127,104,150,-0.000012
47,128,105,151,-0.000006
49,130,107,153,1.000000
48,131,107,154,-0.000011
50,133,109,156,-0.000006
49,134,108,157,1.000000
51,134,109,157,0.225422
53,136,111,159,1.000000
53,137,111,160,0.909207
57,138,114,161,1.000000
56,138,114,161,0.885773
57,139,116,162,-0.000008
57,140,116,163,-0.000006
57,141,116,164,-0.000007
58,142,117,165,-0.000006
60,144,119,167,-0.000008
61,145,119,168,1.000000
63,147,121,170,-0.000006
61,148,120,171,1.000000
63,149,122,172,1.000000
65,150,124,173,-0.000005
67,150,126,173,1.000000
68,151,129,175,-0.000006
68,152,129,176,0.378720
70,153,131,177,0.953475
71,153,132,177,-0.000007
72,156,133,180,-0.000007
73,157,134,181,0.226216
74,157,136,182,0.387167
75,158,136,183,-0.000008
77,159,138,184,0.384460
79,161,140,186,-0.000009
81,162,141,186,-0.000016
82,163,142,187,0.302667
76,163,145,191,0.562050
78,163,147,191,0.580248
78,165,145,192,-0.000012
80,166,145,192,-0.000009
84,168,147,193,1.000000
85,170,146,195,0.211068
88,169,144,191,0.666357
89,170,146,192,0.626373
90,170,148,192,0.613316
92,171,150,193,-0.000013
93,171,151,193,0.412137
NaN,NaN,NaN,NaN,NaN
97,177,157,201,0.189853
109,178,167,201,-0.000021
120,181,174,202,0.436969
121,181,175,202,-0.000156
126,184,173,202,0.333426
NaN,NaN,NaN,NaN,NaN
NaN,NaN,NaN,NaN,NaN
NaN,NaN,NaN,NaN,NaN
NaN,NaN,NaN,NaN,NaN
NaN,NaN,NaN,NaN,NaN
NaN,NaN,NaN,NaN,NaN
NaN,NaN,NaN,NaN,NaN
NaN,NaN,NaN,NaN,NaN
NaN,NaN,NaN,NaN,NaN
NaN,NaN,NaN,NaN,NaN
NaN,NaN,NaN,NaN,NaN
NaN,NaN,NaN,NaN,NaN
NaN,NaN,NaN,NaN,NaN
NaN,NaN,NaN,NaN,NaN
NaN,NaN,NaN,NaN,NaN
NaN,NaN,NaN,NaN,NaN
NaN,NaN,NaN,NaN,NaN
NaN,NaN,NaN,NaN,NaN
NaN,NaN,NaN,NaN,NaN
NaN,NaN,NaN,NaN,NaN
NaN,NaN,NaN,NaN,NaN
NaN,NaN,NaN,NaN,NaN
NaN,NaN,NaN,NaN,NaN
NaN,NaN,NaN,NaN,NaN
NaN,NaN,NaN,NaN,NaN
NaN,NaN,NaN,NaN,NaN
NaN,NaN,NaN,NaN,NaN
NaN,NaN,NaN,NaN,NaN
NaN,NaN,NaN,NaN,NaN
NaN,NaN,NaN,NaN,NaN
NaN,NaN,NaN,NaN,NaN
NaN,NaN,NaN,NaN,NaN
NaN,NaN,NaN,NaN,NaN
NaN,NaN,NaN,NaN,NaN
NaN,NaN,NaN,NaN,NaN
NaN,NaN,NaN,NaN,NaN
NaN,NaN,NaN,NaN,NaN
NaN,NaN,NaN,NaN,NaN
NaN,NaN,NaN,NaN,NaN
NaN,NaN,NaN,NaN,NaN
NaN,NaN,NaN,NaN,NaN
NaN,NaN,NaN,NaN,NaN
NaN,NaN,NaN,NaN,NaN
NaN,NaN,NaN,NaN,NaN
NaN,NaN,NaN,NaN,NaN
NaN,NaN,NaN,NaN,NaN
NaN,NaN,NaN,NaN,NaN
NaN,NaN,NaN,NaN,NaN
NaN,NaN,NaN,NaN,NaN
NaN,NaN,NaN,NaN,NaN
NaN,NaN,NaN,NaN,NaN
NaN,NaN,NaN,NaN,NaN
111,159,171,183,0.705189
107,157,169,182,0.205059
105,157,167,182,0.640661
103,156,165,181,0.831838
105,155,166,180,0.358750
104,154,165,179,1.000000
104,153,165,178,0.792742
103,152,164,177,0.213550
99,151,161,176,-0.000007
100,150,162,175,1.000000
99,150,161,175,-0.000007
95,149,156,174,1.000000
95,148,156,173,-0.000008
93,147,153,171,-0.000009
